10,255
10,169
10,189
10,27
10,129
10,235
10,9
11,9
8,10
8,15
8,5
111,5
111,4
111,3
111,2
111,1
111,0
110,4
110,3
110,2
110,1
110,0
109,3
109,2
109,1
109,0
108,4
108,3
108,2
108,1
108,0
106,4
106,3
106,2
106,1
106,0
104,4
104,3
104,2
104,1
104,0
73,3
73,2
73,1
20,3
20,2
20,1
19,3
19,2
19,1
12,3
12,2
12,1
11,28
11,27
11,26
11,25
11,24
11,23
11,22
11,21
11,20
11,19
11,18
11,17
11,16
11,15
11,14
11,13
11,12
11,11
11,10
11,7
11,3
18,1
11,2
11,1
18,3
10,251
10,243
10,236
14,1
10,228
10,198
14,3
13,1
10,186
10,184
13,3
10,165
10,127
10,110
10,109
10,103
10,82
10,64
10,21
10,3
10,2
10,1
9,7
9,6
9,5
9,4
9,3
2,2
9,2
9,1
8,16
8,14
8,13
8,12
8,11
8,8
8,7
8,6
